0 0.168307743658211 0.14118825100133514 0.16438584779706275 0.26201602136181573
0 0.3710781041388519 0.16914218958611485 0.16772363150867825 0.2177903871829105
0 0.5500667556742324 0.16747329773030709 0.14686248331108143 0.20277036048064082
0 0.7290554072096127 0.16496995994659547 0.14602803738317746 0.24282376502002664
0 0.903454606141522 0.17289719626168226 0.14936582109479296 0.20026702269692923
0 0.9267565086782377 0.5158544726301735 0.13755841121495319 0.21361815754339114
0 0.7378170894526035 0.4712116154873164 0.18190921228304407 0.2795393858477971
0 0.5308744993324432 0.48331108144192253 0.18190921228304407 0.2586782376502002
0 0.32726969292389857 0.48122496662216285 0.16855807743658202 0.2812082777036048
0 0.12366488651535386 0.48497997329773035 0.1585447263017356 0.25200267022696926
0 0.15537383177570097 0.8158377837116154 0.17022696929238984 0.2428237650200267
0 0.34270694259012024 0.850884512683578 0.13100801068090792 0.19442590120160208
0 0.5292056074766355 0.837950600801068 0.1635514018691589 0.23865153538050723
0 0.7328104138851802 0.8504672897196262 0.14686248331108143 0.19359145527369823
0 0.9167431575433912 0.8396194926568759 0.15758511348464627 0.2152870493991989
